Mejor solución: [-0.000206, 0.994897, -0.000302, 0.95439, 0.000316, 0.994827, 0.993026, -0.000532, -0.994914, 0.994753, -2.8e-05, -1.9899, 1.988916, -2e-06, 1.041671, 1.989451, 0.995289, -0.000245, 0.99496, 0.994878, 0.99537, 1.988635, 2.984144, -0.995022, -1.990373, 1.870065, 0.995628, 0.994733, 0.000167, 0.995708, 0.995509, 0.99694, 3.4e-05, -5e-06, -0.994127, 1.989749, -0.990936, 0.000997, -0.994279, -0.003483, 2.1e-05, -1.989845, -0.995897, -0.000535, 0.997569, -1.990959, -0.973751, -0.994821, 4.3e-05, -0.994548]
Mejor fitness: 73.170059
---------------------------------
Mejor solución: [0.000898, -0.994968, -1e-06, -0.994959, -1.98997, 1.3e-05, -0.994806, 2e-06, 2e-05, 2.984811, -0.994885, 0.000293, -2.1e-05, -1.3e-05, 1.2e-05, 0.000806, 3.979735, -0.994956, -0.000105, 4.6e-05, -0.995051, -1.989937, 0.994967, 0.994944, -0.995525, 0.019792, 1.989918, 7e-06, 4.4e-05, -0.994968, 3e-06, 6.6e-05, 0.994921, 0.994825, -0.994957, 0.994959, -4e-06, -8.7e-05, -0.994967, -0.000195, -1.9e-05, 0.995005, -0.89738, 0.994964, -2.984892, -0.995, -4.2e-05, -0.994982, -2.984849, -1.1e-05]
Mejor fitness: 76.517755
---------------------------------
Mejor solución: [-1.989955, 0.994938, 0.994988, 1.7e-05, -0.000703, 1.9e-05, -0.994971, -9e-06, 0.994933, 1.989071, 0.994983, 0.995205, 0.0, -0.000346, 6.964412, 0.994757, 0.000274, -0.995086, 0.994414, 14.197024, -1.1e-05, 0.994936, -1.989502, 0.000158, -0.995002, 0.988401, -0.000389, 1.989874, 5.5e-05, -3e-06, 1.989867, -0.000177, -0.994337, 4.8e-05, 0.994651, -2.9e-05, 1e-06, 2e-05, 0.996127, 0.994964, -8.6e-05, -2.98484, 0.994876, -7e-06, 0.000288, -0.994948, -0.995245, -2.2e-05, -1.990307, 7.2e-05]
Mejor fitness: 308.787225
---------------------------------
Mejor solución: [-5e-06, 0.994972, -0.994964, 0.994948, 0.994949, 9e-06, -0.994927, -0.994962, -0.995012, -0.0, 2.8e-05, 0.995046, -0.994854, -0.994944, -0.046901, 1.5e-05, -0.995077, -0.994903, 0.994949, 0.994818, -0.994738, 0.0001, -0.994962, 0.971933, 0.994855, 0.994957, -2e-06, -0.99495, -0.994959, 2.984836, -5.1e-05, -2.984854, 2.985132, -0.994951, 0.994873, 0.994977, -0.994953, -2.002482, -2.984851, -0.995036, -1.989901, 6.7e-05, 4e-06, 1.98993, -0.994951, -0.000399, 5.9e-05, -1.989903, 0.994903, 3e-06]
Mejor fitness: 80.166038
---------------------------------
Mejor solución: [1.990128, 1.989908, 0.995192, -4.6e-05, -1.989836, 0.994956, 0.994951, -0.994853, 0.000223, 1.989925, 0.995352, -9e-06, -0.994954, 1.989888, 0.994931, -0.994882, -4e-06, 1.989902, 1e-06, 1.989911, 0.994912, 1.989833, -0.994952, -0.995882, 0.994257, 1.3e-05, 1.98952, 0.995868, 5.4e-05, 3.979745, -3.7e-05, -0.995121, 0.994508, -0.994966, -1e-06, -3e-06, 0.995017, -1.989865, 0.99502, 0.994952, -4.974681, 0.994996, -1e-06, 0.995018, -5.5e-05, -4e-06, -0.0001, -1e-06, -2e-06, -1.989893]
Mejor fitness: 105.465831
---------------------------------
Mejor solución: [-2e-06, 0.994419, -0.994962, 0.001627, -0.994941, -0.994922, -1.989979, 3.979857, -0.994971, 1.5e-05, -5e-06, 0.994934, 0.994893, 1.989788, -1.989906, -2.985154, 0.000139, -1.989489, -3.3e-05, -3.979788, -0.994949, 4.3e-05, 1.989938, 0.99485, -8e-06, 0.994972, 0.994977, 7.959156, -3.1e-05, -0.995412, 2.2e-05, 4e-06, 0.000107, -0.994662, -2.8e-05, -0.99483, -1.989896, -4.974756, 0.995532, -1.9e-05, 3e-06, 1.989917, 0.994964, -2e-06, -0.994927, 1.989995, 5.3e-05, -5e-05, 1.990028, -0.9868]
Mejor fitness: 183.084188
---------------------------------
Mejor solución: [-0.001493, -0.995063, -1.989124, -0.995989, 1.921792, 0.002865, 0.994588, 8.6e-05, -0.994984, 0.000276, 0.994626, -2.984789, 1.989153, 0.000959, 1.990135, -0.995097, 0.995751, -1.989891, -0.000396, 0.99496, -1.5e-05, 0.000997, 0.995204, -0.000316, 1.989837, 1.990138, 0.994912, -1.989934, 0.994965, -0.994929, -0.994727, 0.964574, 1.9898, 0.99561, -2.984695, 1.989987, 0.000278, 0.994913, -1.991339, -1.9901, -0.000572, 1.989063, 4e-05, 0.99456, -0.149314, -0.000331, 1.989685, -1.7e-05, -1.989982, 0.995064]
Mejor fitness: 100.708397
---------------------------------
Mejor solución: [-0.995292, -1.1e-05, 2.3e-05, 1.989907, -0.994974, -6e-06, 4.974721, 0.000708, 1.990023, -7.6e-05, 0.995048, 1.989954, 0.994973, -0.994895, -0.99492, 2.984814, 3e-06, 8e-06, -3.5e-05, 0.000449, -0.994943, -1.989891, 1.989926, -0.995013, -0.994941, 0.99479, -0.110987, -0.000267, -0.99497, 0.994952, -0.000183, -0.000391, 0.995005, -1.3e-05, -0.980336, 9e-06, 0.994986, -0.994966, -6e-06, -0.994979, 1.6e-05, -0.995172, 0.000762, -1.989909, 0.994975, 3.4e-05, -0.995577, 4.8e-05, -4.4e-05, 0.995058]
Mejor fitness: 80.991056
---------------------------------
Mejor solución: [-0.995019, 4.7e-05, 1.989714, -0.995093, -0.994975, -0.994942, 2.984846, 3.980106, -9e-06, -0.994976, -1.990005, 0.9949, 0.99498, 0.994911, -1.204201, -2.8e-05, 0.995125, -0.994957, -9.1e-05, 0.994381, 0.995017, -5e-06, 0.994952, 5.9e-05, -0.994846, -0.994818, -3.979767, -0.994902, 1.989915, 1.989817, 0.994965, 0.994953, 0.994943, 1.989938, -0.994962, 2.984889, 0.994942, -1e-05, -3.7e-05, 1e-05, 0.995058, -0.000111, 0.994801, -0.906907, 1.99011, -4.6e-05, 1.989848, 1.989987, -0.995004, -0.995106]
Mejor fitness: 117.557383
---------------------------------
Mejor solución: [7e-06, -0.0, -0.994957, -0.994948, -0.994949, -0.994967, -4e-06, -0.995009, -1.98993, 0.994915, -2e-06, -0.994961, -0.99497, 0.995075, 0.994965, -1.989901, 0.994471, -1.989906, -1.6e-05, -2.984737, 1.058332, 0.994955, 0.995028, 0.994939, 1.989919, 0.995338, 0.994992, -1e-06, -1.98991, -7e-06, -0.994953, 0.994961, -0.995166, 1.989908, -1e-05, 0.995046, 0.994962, -1.989908, 0.994911, -1.989723, 0.994905, -0.994959, 1.989978, 3e-06, -0.994991, 4.7e-05, -5e-05, 3.3e-05, 0.994958, -1.5e-05]
Mejor fitness: 72.426357
---------------------------------
Mejor solución: [0.000199, 0.995107, -1.036367, -0.994774, 1.990221, 1.989914, 0.994782, -1.8e-05, 1.989847, -0.995257, -1.989996, -0.994638, 1.98933, 0.000237, 0.000527, -0.000307, -4e-06, -1.990405, 0.000279, 0.99786, -3e-06, -0.994535, 3.5e-05, -1.003899, 0.994677, -0.994418, 0.994792, 0.994814, 9.6e-05, 7.1e-05, 0.99494, -6.8e-05, 0.995675, -0.995551, 0.000216, -4.9e-05, 1.4e-05, -0.00017, -9.8e-05, -0.994717, 1.989964, -6e-05, -1.990048, 0.995209, 0.000168, -8e-06, -0.995521, 1.011652, 0.9952, -0.9949]
Mejor fitness: 54.14029
---------------------------------
