Mejor solución: [-0.239627, 4.120709, -0.140517, 0.254495, -7.194298, 0.600843, 0.334032, -0.378198, 0.625617, -0.243696, 0.727137, 0.301088, -0.604247, 0.574862, -0.673427, 0.174121, -0.051613, 0.000159, 0.351355, 0.06833, 1.101496, 0.358078, 0.502967, -1.442673, 0.504958, 1.604188, -0.16068, 0.000847, 0.630954, -0.477371, -0.343427, -0.305801, 0.029985, 0.09364, 0.415867, 0.059982, 1.049213, -0.237024, -0.246181, -1.054936, 0.100169, -0.142751, -0.082138, -0.30194, 0.039973, 0.342623, 0.048083, 1.647313, 0.28169, -1.288446]
Mejor fitness: 0.383186
---------------------------------
Mejor solución: [-0.026616, -0.001459, 0.081985, -0.000986, -0.064845, 0.05434, -0.14039, 0.018959, 0.039641, -0.098484, -0.126783, 0.014137, -0.154298, -0.028307, 0.019047, -0.071844, 0.167974, 0.067345, 0.013065, -0.107448, -0.042743, -0.0073, -0.140386, -0.065676, 0.006499, -0.093363, -0.19939, 0.203796, 0.071415, -0.068845, 0.128746, -0.057286, -0.119145, 0.132774, 0.087424, 0.134135, -0.042451, -0.144381, -0.18933, -0.009391, -0.003766, -0.012794, -0.038312, 0.054912, -0.015865, 0.025619, -0.164069, -0.033199, -0.054549, -0.163186]
Mejor fitness: 0.012239
---------------------------------
Mejor solución: [0.135945, -0.161198, 0.002061, 0.199465, 0.124198, 0.310928, 0.126303, -0.053414, -0.322115, -0.55602, -0.592568, -0.555667, -0.289076, -0.107039, 0.257392, -0.214646, -0.452572, 0.790955, -0.050501, -0.460772, 0.195587, 0.241516, -0.233894, 0.752446, 0.578538, -0.285002, 0.123621, -0.216265, 0.195323, -0.469408, -0.675809, -0.060551, -0.423334, -0.310424, -0.065691, 0.74842, 0.023142, 0.636546, -0.471608, -0.7379, 0.641855, 0.065004, 0.781821, 0.60518, 0.234072, 0.154086, 0.277853, 0.320196, -0.131335, -0.17166]
Mejor fitness: 0.184309
---------------------------------
Mejor solución: [-0.156991, -0.124461, 0.222021, -0.036727, -0.018555, -0.21966, 0.000609, 0.1732, 0.105579, 0.073921, 0.062057, 0.096328, 0.083616, 0.047811, -0.210433, 0.185491, -0.592944, -0.203864, -0.060687, -0.104513, -0.193811, 0.042201, -0.074722, -0.102123, -0.134141, 0.049499, 0.007327, 0.412248, -0.029039, -0.03614, 0.169399, -0.105573, -0.045245, 0.328629, 0.019481, -0.207829, 0.047595, 0.249428, -0.036077, 0.007339, -0.174051, -0.049929, 0.032177, 0.146386, 0.84791, -0.085007, -0.252812, -0.179715, 0.043395, -0.258126]
Mejor fitness: 0.064204
---------------------------------
Mejor solución: [-0.067538, 0.169602, 0.314908, -0.308962, 0.042052, 0.059031, 0.534209, -0.237276, -0.039381, -0.385352, -0.38001, -0.007145, -0.008197, 0.03249, -0.042311, -0.247878, -0.313646, -0.224112, 0.034702, -0.148524, -0.582504, -0.353674, -0.63682, 0.195858, 0.2081, 0.09895, 1.277634, 0.966911, 0.573783, 0.125711, -0.058158, 0.351854, -0.12986, -0.150148, 0.267151, 0.1199, -0.03772, 0.456339, -0.518189, -0.060259, 0.318902, 0.171184, -0.02217, 0.192492, 1.901485, -0.365503, -0.300963, -1.393328, 0.605506, 0.300362]
Mejor fitness: 0.215416
---------------------------------
Mejor solución: [6.295449, 0.067936, 0.08932, 0.146831, -0.065259, -0.080441, 0.027805, 0.053037, 0.070975, 0.213994, -0.186625, -0.105913, -0.232501, 0.075844, -0.151808, 0.138503, -0.065408, 0.000825, 0.20427, 0.004498, -0.241012, -0.031878, 0.10297, -0.393182, -0.004032, 0.215331, 0.045967, 0.036711, 0.039269, 0.109027, 0.127114, 0.344959, 0.261747, 0.041833, -0.16769, -0.028793, -0.129162, 0.17329, 0.138346, 0.099141, 0.204748, -0.281281, 1.58307, -0.040862, 0.201098, 0.143293, 0.593537, -0.126184, -0.316379, 0.161069]
Mejor fitness: 0.072319
---------------------------------
Mejor solución: [0.155164, 0.065904, 0.198772, 0.146747, -0.033974, -0.01337, -0.158791, -0.137108, 0.152462, 0.160078, -0.208656, -0.176543, -0.066155, 0.116845, 0.491313, -0.207014, 0.201654, 0.423019, -0.285505, 0.136164, -0.023394, -0.314013, 0.168483, 0.291441, 0.056767, 0.19912, -0.342095, 0.149807, -0.172144, -0.096474, 0.530407, 0.207327, 0.172607, 0.064069, -0.163968, 0.106705, 0.199933, -0.205511, -0.394383, -0.007062, 0.067224, -0.392529, -0.010408, 0.020618, 0.204308, 0.139572, -0.947874, -0.448441, 0.29263, 0.233179]
Mejor fitness: 0.08144
---------------------------------
Mejor solución: [0.008899, -0.004301, 0.043118, 0.02125, 0.072501, -0.095865, -0.159165, -0.076377, -0.132264, 0.090726, 0.048528, 0.020189, -0.494476, 0.00643, 0.245171, -0.194412, 0.160026, 0.092755, 0.217204, 0.007472, 0.045458, -0.224067, 0.005068, 0.263866, 0.061923, -0.003695, 0.296233, 0.105845, -0.279782, -0.106252, 0.154912, -0.214819, -0.098574, 0.041051, 0.034222, 0.086683, 0.254403, 0.144535, 0.021313, -0.135911, -0.051401, -0.002433, -0.206734, -0.01672, -0.01718, -0.039666, 0.053556, 0.099347, -0.034471, -0.012756]
Mejor fitness: 0.029642
---------------------------------
Mejor solución: [-0.147157, 0.116337, -0.028049, 0.374526, 0.352145, -0.020015, 0.454695, 0.095917, -0.472237, -0.021116, -0.253021, 0.045989, 0.615161, -0.482494, -0.110613, -1.309311, -0.140753, 0.546967, 0.3134, 0.187698, -0.746194, -0.064668, -0.288587, -0.260921, -0.753736, 0.005207, 0.042872, -0.138956, 0.203564, 0.79965, 0.391999, -0.254601, -0.354294, 0.161297, -0.432346, 0.838453, -0.072697, 0.001992, -0.068472, 0.138818, 0.470926, 0.446177, -0.022158, 0.34352, -0.156507, -1.354702, 0.537544, -1.000267, -0.455182, 0.364787]
Mejor fitness: 0.237756
---------------------------------
Mejor solución: [0.04845, 0.011284, 0.111788, -0.094229, -0.119994, 0.086765, -0.065599, 0.020028, -0.094264, -0.046232, 0.061069, 0.400583, -0.009074, -0.047674, 0.041662, 0.108939, -0.406547, -0.1799, -0.197536, -0.035218, 0.44095, -0.075737, 0.020341, 0.154958, 0.047103, 0.050705, -0.106584, -0.020799, 0.119676, 0.303885, 0.047395, 0.04225, 0.156293, -0.110139, -0.269429, -0.19214, -0.022367, 0.105622, -0.130772, -0.119501, 0.102366, 0.006476, 0.073899, -0.02219, 0.110631, 0.077825, 0.363106, -0.087825, -0.140451, 0.098515]
Mejor fitness: 0.033621
---------------------------------
Mejor solución: [0.187723, 0.097018, 0.259485, 0.392367, 0.102315, -0.250572, 0.053701, 0.418653, 0.131467, -0.036426, 0.313863, 0.245827, 0.093875, -1.413712, 0.06068, 0.45456, -1.156414, -0.0285, -0.139717, -0.286245, -0.200163, -0.120892, -0.864794, 0.351957, 0.640446, 0.713735, 0.509966, -1.641713, -1.175477, 0.17562, 0.495515, 0.721335, 0.161644, 0.291681, -0.441914, -0.097051, 0.03748, -1.354421, -0.072128, 0.199158, -0.021798, -0.188824, 1.228946, 0.180639, 1.447254, 0.106646, -0.572305, -0.596879, 0.749837, 0.500412]
Mejor fitness: 0.343947
---------------------------------
Mejor solución: [-0.211281, -0.034705, -0.010463, -0.165513, 0.119228, -0.040707, -0.319952, -0.458199, -0.113543, 0.336805, 0.14236, 0.286396, 0.765933, 0.072958, -0.02517, -0.114661, -0.733799, -0.05184, 0.208882, 0.442248, -0.134744, 0.354908, 0.109498, -0.335835, 0.733384, 0.174282, -1.025202, 0.300467, 0.208009, -0.291818, 0.257132, -0.327721, 0.128292, 0.297891, -0.041674, 0.952102, -0.491131, 0.187475, -0.194308, -0.545309, -0.287341, -0.011219, -0.191032, -0.130148, -0.021568, 0.026297, 0.387578, -0.108714, 0.263572, 0.241974]
Mejor fitness: 0.161847
---------------------------------
Mejor solución: [0.003059, -0.028865, 0.105551, -0.055842, -0.020496, -0.14234, 0.208596, -0.092249, 0.10516, 0.15784, 0.141521, -0.262239, -0.167667, -0.012301, 0.101569, 0.039981, -0.514276, -0.099225, 0.109464, 0.341526, -0.23285, -0.07792, 0.04351, 0.004069, 0.047968, 0.325492, -0.042979, -0.207981, 0.47086, -0.557314, 0.04457, 0.206048, 0.030477, -0.219985, 0.242022, 0.211439, 0.053726, 0.121309, 0.796915, -0.158015, -0.145318, 0.431271, -0.202208, 0.325708, -0.295726, -0.141823, -0.775178, -0.510573, -0.317442, 0.178554]
Mejor fitness: 0.065779
---------------------------------
Mejor solución: [-0.172182, -0.015049, 0.325819, 0.4126, 0.604807, -0.024036, 0.399753, 0.075988, 0.245302, 0.179779, -0.108047, -1.045706, -0.507737, 0.194331, -0.075846, 0.090386, 0.348511, 0.217164, 0.131377, -0.179451, -0.008026, -0.08841, -0.119603, -0.235399, -0.07525, 0.119171, -0.28342, -0.249841, -0.656812, 0.327068, 0.511483, -0.016373, 0.611448, -0.668666, 0.098872, 0.039611, -1.126163, 0.411048, -0.185886, -0.063535, 0.239737, 0.575497, 0.447067, 0.534535, 0.231997, 0.193499, -0.3674, -0.043655, -0.048579, -0.406614]
Mejor fitness: 0.213274
---------------------------------
Mejor solución: [-0.012179, -0.105239, 0.160965, 0.148842, 0.388278, -0.222216, 0.515895, -0.143108, -0.182432, 0.30153, -0.704751, -0.54441, -0.108271, 0.195241, 0.441099, 0.128674, 0.199187, 0.633071, -0.121525, -0.355288, 0.601456, -0.00403, 0.055478, -0.24178, -0.202373, -0.395506, 0.449693, 0.065291, -0.114319, -0.470556, 0.354592, -0.534812, -0.406817, -0.21554, 0.275883, 0.423553, -0.712095, -0.282222, -0.085579, 0.108193, -0.595948, -0.604316, -0.638093, 0.81715, -1.176702, -0.10028, -0.107236, 0.533755, 0.201192, -1.045739]
Mejor fitness: 0.191728
---------------------------------
Mejor solución: [-0.000883, -0.012236, -0.048199, 0.037105, -0.157926, -0.120158, 0.209123, 0.137053, -0.065028, 0.011904, -0.087625, -0.049, 0.031684, 0.316448, -0.15827, -0.176009, -0.053871, 0.057985, 0.082432, -0.104026, -0.041878, 0.065085, -0.093923, 0.052587, -0.144721, -0.251995, -0.183105, 0.083013, 0.003655, -0.236714, -0.120812, -0.119135, 0.120919, 0.200286, -0.227345, -0.225169, -0.086366, 0.052001, -0.097091, -0.125932, 0.093685, -0.004002, -0.042111, -0.172842, -0.180666, -0.164602, -0.009891, -0.055098, -0.135386, 0.012917]
Mejor fitness: 0.023496
---------------------------------
Mejor solución: [-0.037485, 0.029826, -0.070302, -0.002177, 0.056418, -0.320847, -0.007046, 0.022358, 0.148204, -0.059601, 0.456663, -0.008063, 0.257418, -0.120029, 0.037539, -0.07587, -0.193233, -0.155365, -0.078235, 0.119664, 0.330654, -0.131088, 0.932949, -0.066154, -0.098073, 0.137805, 0.380129, 0.295609, -0.189652, -0.355006, -0.475474, -0.308309, 0.059309, -0.43026, -0.287518, 0.130511, 0.345324, -0.082914, 0.325784, 0.083212, -0.346233, 0.197503, 0.196621, 0.163754, 0.333227, -0.012187, 0.066152, -0.415885, -0.946806, 0.218179]
Mejor fitness: 0.082318
---------------------------------
Mejor solución: [-0.040221, -0.051874, -0.085406, -0.062064, -0.088827, 0.112352, 0.156008, -0.085213, 0.096368, -0.07832, -0.033642, -0.022065, -0.008378, -0.180925, -0.096587, -0.337596, -0.104329, -0.113851, 0.195808, -0.07626, -0.170043, -0.124537, -0.037778, -1.087293, 0.111539, -0.108181, -0.141297, -0.094506, -0.159669, 0.102193, 0.148031, -0.167954, 0.022895, -0.006695, 0.219552, 0.063694, 0.100655, -0.346568, -0.070542, 0.140811, -0.090897, -0.000498, -0.138692, 0.098075, -0.254352, 0.105964, 0.034461, -0.060969, 0.075366, -0.052711]
Mejor fitness: 0.046898
---------------------------------
Mejor solución: [0.112216, 0.03636, 0.013432, -0.29203, 0.278353, 0.101239, -0.655095, 0.678044, -0.438314, -0.133985, -0.175099, 0.088686, -0.482059, 0.105395, -0.297362, -0.091041, -0.056243, -0.043696, 0.267834, -0.439605, 0.176473, 0.18856, -0.105057, -0.289302, 0.519315, 0.009838, -0.143233, -0.412589, -1.045032, -0.163, 0.215842, 0.221118, 0.250148, 0.473574, 0.046896, 0.099026, -0.356943, 0.309105, 0.010004, 0.461409, -0.024814, 0.087219, 0.277845, 0.302052, -0.160645, 0.571397, 0.282558, 0.122512, 0.039594, -0.03148]
Mejor fitness: 0.156766
---------------------------------
Mejor solución: [-0.070286, -0.003574, 0.241944, -12.346927, -0.004777, -0.341176, -0.010001, -0.755979, 0.286506, 0.422991, -0.020662, 0.300961, 0.152868, 0.082556, 0.272242, -0.20504, 0.107121, -0.166188, 0.018438, -0.045073, -1.050947, -0.730867, 0.215188, -0.465792, -0.105878, -0.150073, 0.153339, 0.496682, -0.129709, 0.04863, -0.229125, -0.708452, -0.489906, -0.522653, -0.260993, 0.104741, 0.31993, -0.140541, -0.359624, -0.086343, -0.671206, 0.283162, -0.597849, 0.213329, -0.856268, -0.230095, -0.557721, 0.216655, -0.409492, 0.040759]
Mejor fitness: 0.207983
---------------------------------
Mejor solución: [0.013826, 0.020523, -0.080621, 0.030407, -0.030571, -0.029675, 0.007457, 0.103106, 0.013014, 0.057628, -0.077415, 0.076144, 0.049715, 0.041016, -0.065631, 0.09098, -0.057781, -0.027638, -0.002145, -0.032185, 0.07431, 0.054332, -0.022163, -0.012737, 0.037771, 0.047449, 0.012571, -0.117954, 0.088037, -0.099, 0.12277, 0.185698, -0.111827, 0.162572, -0.035924, -0.068419, 0.039109, 0.07451, 0.131317, -0.202006, -0.023873, 0.041615, -0.137991, 0.065672, 0.01004, -0.090539, -0.143337, 0.089014, -0.00258, 0.081177]
Mejor fitness: 0.007539
---------------------------------
Mejor solución: [0.012595, -0.006181, -0.040317, -0.21247, 0.111402, -0.329396, -0.027836, -0.076551, 0.322944, 0.287143, 0.183485, 0.220306, -0.200199, 0.128491, 0.108367, -0.395938, -0.142497, 0.044981, 0.062798, -0.109022, 0.19146, 0.035537, 0.098841, 0.612333, 1.138209, -0.269736, -0.413873, -0.139687, 0.090791, -0.086622, -0.0522, 0.448548, 0.057415, -0.008794, 0.224446, 0.141992, -0.007354, 0.355063, 0.32316, -0.118582, 0.315586, -0.062391, 0.116194, 0.042603, -0.182013, -0.531844, 0.043541, -0.054932, 0.1504, 0.020339]
Mejor fitness: 0.088436
---------------------------------
Mejor solución: [0.100193, 0.059763, -0.220484, 0.13852, 0.315598, -0.209245, -0.237439, 0.646576, -0.2136, -0.477044, -0.374632, 0.02533, 0.242693, -0.369965, -0.253365, -0.500399, 0.192506, -0.279268, -0.528282, -0.21943, -0.305203, -0.462554, 0.061373, -0.499618, -0.074185, -0.190598, -0.369854, 0.150107, -0.706602, 0.513755, 0.198118, -0.414189, -0.28317, 0.473588, 0.495034, -0.179243, -0.41325, -0.066031, 0.317181, 0.14171, -0.632083, -0.292686, -0.795851, -0.092797, 0.147208, -0.207881, 0.487994, -0.162372, 0.216656, -0.519445]
Mejor fitness: 0.161971
---------------------------------
Mejor solución: [0.023718, 0.004161, -0.079906, 0.048665, 0.018438, -0.02015, -0.035808, -0.06192, 0.014424, 0.108853, -0.100389, -0.093941, 0.011849, 0.087219, 0.023298, 0.051499, -0.01513, -0.051713, -0.057019, -0.060539, -0.081494, 0.016581, 0.077119, 0.061586, 0.009021, -0.052713, 0.008366, -0.069757, 0.017043, -0.007851, -0.105479, -0.028888, -0.043875, -0.31831, -0.009338, -0.031738, 0.032319, 0.127148, 0.016209, -0.175533, 0.076631, 0.054632, -0.005898, 0.023672, -0.050023, 0.052365, -0.035292, -0.034403, -0.059564, 0.064908]
Mejor fitness: 0.007296
---------------------------------
Mejor solución: [-0.025077, -0.023409, 0.106106, -0.016102, -0.01308, 0.008082, 0.071773, -0.023575, 0.046366, -0.073985, -0.011862, -0.084198, -0.041487, 0.082193, -0.0372, -0.031289, 0.17158, 0.054999, 0.153316, -0.057342, -0.044975, 0.125431, -0.190277, 0.164887, -0.021827, -0.105798, 0.098813, 0.131051, -0.219417, 0.100723, 0.357593, -0.030085, 0.064863, -0.05463, 0.067035, -0.480618, 0.036884, 0.451, 0.000749, -0.000721, -0.101527, -0.042011, 0.010725, 0.27506, -0.132861, -0.014103, 0.075299, -0.234162, -0.081441, 0.071373]
Mejor fitness: 0.019181
---------------------------------
Mejor solución: [0.060342, 0.106709, 0.119846, -0.022354, 0.216448, -0.121527, -0.240568, -0.134273, 0.829008, -0.258108, 0.095381, -0.127281, -0.027259, -0.025268, -0.066315, 0.593951, 0.114658, -0.138091, -0.102143, -0.202361, 0.200573, 0.258017, 0.374991, -0.115688, 0.189779, 0.394825, 0.231784, -0.025632, -0.050287, 0.111556, -0.423592, 0.227373, -0.142882, -0.203602, -0.037165, 0.458624, 0.16072, -0.257953, -0.244841, 0.352147, 0.105614, -0.185668, 0.057996, 0.07218, -0.018872, -0.560118, 0.473537, -0.245084, -0.04743, 0.021368]
Mejor fitness: 0.099525
---------------------------------
Mejor solución: [0.00556, -0.104756, -0.463909, 0.026409, 0.245908, 0.250628, -0.082026, -0.068963, 0.164006, -0.421206, -0.368222, 0.125458, -0.217454, -0.250989, 0.266076, 0.07643, 0.145348, 0.318837, -0.462101, -0.235384, -0.54285, 0.080516, 0.663927, -0.382015, 0.482056, 0.300235, 0.251442, -0.80179, 0.369552, -0.069972, -0.069038, 0.592182, -0.035625, -0.376744, 0.40406, -0.036505, 0.100868, 0.746383, 0.235085, 0.14651, -0.294573, 0.140953, -0.174844, 0.243703, -1.182451, -0.23749, -0.465558, 0.561045, -0.180592, -0.108855]
Mejor fitness: 0.158044
---------------------------------
Mejor solución: [0.10315, 0.004519, -0.147435, 0.094057, 0.448262, 0.499491, 0.347554, -0.236163, -0.372048, 0.328992, -0.582961, -0.290955, -0.270636, -0.373815, 0.206748, -0.010182, 0.03051, -0.556359, 0.368801, -0.43618, 0.593644, 0.449761, 0.007918, 0.040612, 0.220274, 0.017783, -0.04513, -0.208757, 0.045702, -0.454027, 0.121645, 0.435764, 0.434752, -0.027921, -0.637022, 0.46889, 0.242296, -0.558331, 0.246168, 0.860243, 0.321682, -0.379689, 0.69821, 0.071637, 0.840834, -0.286626, -0.236748, -0.163314, 0.156029, 0.142497]
Mejor fitness: 0.17383
---------------------------------
Mejor solución: [-6.094832, 4.170756, 0.685227, -0.026778, 0.763756, -0.288676, 0.113356, 0.017227, -0.387762, -0.293451, 10.221859, 0.757328, 0.585613, 1.070837, -0.112837, -0.949568, 0.230736, -0.284575, -0.60353, -0.835803, -0.478017, -0.400267, -2.148485, -1.566323, -1.743067, -2.189768, 0.548918, 0.208323, -0.634017, 1.579253, 0.367336, -0.322457, 2.183125, -1.188269, -0.390175, -0.303133, 0.898194, 0.564936, 1.867465, -1.797094, 0.369146, 1.359009, 2.599987, 0.276332, -2.616811, 0.952409, -1.890267, -0.253941, 1.550625, -1.811398]
Mejor fitness: 0.75751
---------------------------------
Mejor solución: [-0.028583, -0.007235, 0.013802, 0.050856, 0.03131, 0.024811, -0.051205, -0.044281, 0.043639, -0.036079, -0.026978, 0.001603, 0.030468, -0.046556, 0.00588, -0.030885, -0.09062, -0.020819, 0.038363, 0.030835, 0.057229, -0.018402, 0.014809, 0.0367, -0.008125, 0.052969, 0.033276, 0.003434, -0.057659, 0.01285, 0.016374, 0.025801, 0.033159, 0.044644, -0.022243, 0.052174, -0.018666, 0.025718, -0.033693, -0.618524, 0.055486, -0.044877, -0.021838, 0.006044, -0.043224, -0.039295, 0.039058, 0.045196, -0.00902, 0.034261]
Mejor fitness: 0.007319
---------------------------------
Mejor solución: [-0.269965, 0.178781, 0.283098, -0.043303, 0.132373, -0.01928, 0.024403, 0.230428, -0.690507, -0.168451, -0.226477, 0.346886, -0.177293, -0.132096, -0.307673, -0.356354, 0.602994, 0.249304, -0.016594, 0.011043, -0.211421, -0.307937, -0.091701, -0.606096, -0.162495, 0.547323, -0.044356, 0.180534, 0.345406, 0.567723, -0.647253, 0.031032, 0.283829, 0.015404, -0.83593, -0.485086, -0.110207, -0.048191, -0.354628, 0.312893, -0.044849, -0.017883, -0.502512, -0.443442, -0.056033, 0.195803, 0.357537, 0.09505, 0.117913, 2.694372]
Mejor fitness: 0.225953
---------------------------------
Mejor solución: [0.081233, 0.086429, 0.248962, -0.299859, -0.086851, -0.12386, 0.056326, 0.455948, -0.287286, -0.148321, -0.061554, -0.20166, -0.055896, 0.299545, 0.198466, 0.466705, 0.331127, 0.442604, 0.173574, 0.118817, -0.080855, -0.017294, 0.222116, -0.287725, 0.01913, -0.0299, 0.881436, -0.173001, 0.563232, -0.370412, -0.020104, 0.007057, 0.389174, -0.010954, 0.156416, 0.079187, 0.007823, 0.141283, 0.447406, 0.007193, -0.514542, 0.38207, 0.409989, 0.213695, 0.162155, 0.184106, -0.036985, -0.013902, -0.215672, 0.294982]
Mejor fitness: 0.106716
---------------------------------
Mejor solución: [-0.091134, -0.02609, -0.104613, 0.005009, 0.149242, 0.078697, -0.152484, 0.121128, 0.077749, 0.068411, -0.054838, 0.171561, -0.197642, -0.108275, -0.131017, 0.184292, 0.008673, -0.026368, -0.015626, 0.393678, 0.002009, 0.551731, 0.150249, -0.088709, -0.197528, -0.132114, -0.060229, -0.091858, -0.272733, -0.03152, 0.049677, 0.493975, -0.100569, -0.231091, -0.495771, 0.195195, -0.170945, -0.110045, -0.121072, 0.31956, -0.223422, -0.233425, 0.040817, -0.016491, 0.017251, -0.081221, 0.034783, 0.021587, 0.533637, 0.145848]
Mejor fitness: 0.045902
---------------------------------
Mejor solución: [0.033158, -0.083987, -0.067842, 0.029164, -0.093926, -0.046818, 0.026201, 0.037837, -0.042191, 0.030197, 0.080571, 0.070882, -0.103832, -0.091949, -0.065012, 0.079075, -0.032834, -0.031476, -0.086154, 0.047672, -0.02431, -0.067269, -0.090863, -0.09457, -0.074067, 0.064904, -0.034944, -0.014064, 0.06166, -0.01721, 0.008486, 0.126229, -0.034238, -0.027595, 0.002622, -0.002762, 0.021354, 0.080666, 0.128433, 0.06819, -0.043552, 0.072978, 0.066332, 0.042769, 0.005219, 0.040706, 0.072276, 0.087884, -0.032121, -0.051065]
Mejor fitness: 0.008181
---------------------------------
Mejor solución: [0.027473, -0.000293, 0.039983, 0.015851, -0.008372, 0.00274, 0.014717, 0.023356, -0.174081, 0.049607, 0.10538, -0.022148, 0.06569, -0.100006, -0.109318, 0.048526, 0.174907, -0.054845, 0.148591, -0.004687, -0.161607, 0.175929, -0.052845, 0.024597, 0.03879, 0.071374, 0.11483, 0.087426, -0.055802, 0.27956, 0.007007, -0.190046, 0.021335, -0.095006, 0.116927, 0.082596, 1.005049, 0.130177, 0.139356, -0.025959, 0.102861, 0.056038, -0.151056, -1.71577, 0.193354, 0.135051, 0.121262, -0.46861, -0.343347, 0.010898]
Mejor fitness: 0.061888
---------------------------------
Mejor solución: [0.124798, -0.072144, -0.008069, 0.100602, -0.152615, -0.032666, 0.051354, -0.050592, -0.190509, 0.071581, -0.020208, 0.101325, 0.137899, -0.164832, 0.13681, -0.044344, -0.016176, -0.096746, 0.315598, -0.113551, -0.10313, 0.004386, -0.328521, -0.194155, -0.868352, 0.069458, 0.342625, 0.064549, 0.335457, -0.436639, 0.027629, -0.032472, -0.265027, -0.112348, -0.019655, 0.049744, -0.260998, -0.105027, 0.060242, 0.099454, -0.068284, -0.072833, -0.185119, -0.127232, 0.006853, 0.953153, -0.063634, -0.212959, -0.338799, 0.178086]
Mejor fitness: 0.061479
---------------------------------
Mejor solución: [-0.046863, -0.007795, -0.045446, -0.178859, -0.057064, -0.228737, 0.025773, -0.157939, 0.001487, -0.062752, -0.076337, -0.541589, -0.615811, -0.272339, 0.391643, -0.049255, 0.009094, 0.127541, -0.150766, -1.367959, 0.023648, -0.271608, 0.247815, 0.035213, 0.027827, -0.450548, 0.07564, 0.055206, 0.059674, -0.024283, -0.384129, 0.267476, -0.195606, -0.006226, -0.028822, -0.104741, -0.29195, -0.212905, -0.115405, -0.144913, 0.250142, -0.122391, -0.330437, 0.061882, -0.07237, -0.205406, 0.038414, -0.195901, -0.307816, -0.352711]
Mejor fitness: 0.10935
---------------------------------
Mejor solución: [0.207084, 0.410884, 0.176491, 0.076246, 0.066908, 0.205982, -0.648148, -0.601646, -1.2841, 0.444956, 0.396163, -0.857112, -0.385683, 0.82373, -0.113387, 0.495641, -0.065175, -0.003958, 0.602252, -1.187231, -0.070301, 0.628023, 0.783432, 0.581893, 0.487929, -0.649628, -0.551549, -1.733257, -0.486485, 1.320234, 0.009509, -0.343608, 0.149078, 1.249631, -0.229585, -0.138875, -0.567798, -0.563258, 1.196426, -0.018213, 0.921597, 0.112492, 0.269004, 0.427098, 0.485967, 1.514218, 1.165447, 1.199675, -0.09645, -0.54242]
Mejor fitness: 0.466602
---------------------------------
Mejor solución: [0.200854, 0.052481, 0.169107, 0.034481, -0.083083, -0.174099, -0.195848, -0.237575, 0.099499, 0.075288, 0.147951, 0.14768, -0.317167, 0.127456, -0.331181, -0.407428, 0.01669, -0.073494, 0.23106, 0.324707, 0.018141, -0.205421, -0.231191, -0.34605, -0.370117, 0.208917, 0.060454, 0.024783, 0.027482, 0.031442, -0.22092, -0.002571, 0.312983, 0.189179, -0.167105, 0.039491, 0.123328, 0.383424, 0.324617, -0.379696, -0.049089, -0.306505, -0.018585, -0.172313, -0.122021, 0.053664, -0.249144, 0.14204, -0.004326, 0.049328]
Mejor fitness: 0.072847
---------------------------------
Mejor solución: [0.112199, -0.126927, 0.013971, 0.247147, -0.246721, -0.189517, -0.042257, -0.325431, -0.216157, -0.247676, 0.52037, 0.05117, 0.023318, 0.077896, 0.831987, -0.164225, -1.185735, 0.569727, -0.240669, -0.178718, -0.054551, 0.616987, -0.120507, -0.060546, -0.157834, 0.241087, -0.345074, -0.178772, -0.009843, -0.603734, -0.962526, 0.350382, 0.13473, -0.322058, -0.270139, 0.128084, -0.020895, -0.144989, -0.114517, -0.030247, -0.276565, 0.118565, 0.208129, -0.141472, 0.231102, -0.370076, 0.285175, -0.134576, -0.387275, -0.699256]
Mejor fitness: 0.167339
---------------------------------
Mejor solución: [-0.053441, -0.167217, -0.060889, 0.134084, -0.213663, 0.093188, -0.204506, 0.046275, 0.130505, 0.068904, 0.086638, -0.274073, -0.093536, -0.448902, -0.30178, -0.192452, -0.045727, -0.132949, -0.506557, -0.275049, -0.18023, 0.036849, 0.017152, 0.444303, -0.259636, 0.357524, 0.17781, 0.121721, 0.060512, 0.341456, -0.326806, 0.149255, -0.409292, -0.082831, 0.217108, 0.09048, -0.624304, 0.370998, 0.214686, 1.749166, 0.178481, -0.165973, -0.07336, -0.359355, -0.294589, -0.220991, 0.189027, -0.169784, -0.465783, -0.194715]
Mejor fitness: 0.11096
---------------------------------
Mejor solución: [-0.006506, 0.189847, -0.005652, -0.025951, -0.003601, 0.066888, 0.045703, 0.024699, 0.007906, 0.052959, 0.107646, -0.017393, 0.009168, 0.046313, -0.016846, 0.0099, 0.026268, 0.155629, -0.148938, 0.06007, 0.017199, 0.112397, 0.097734, 0.12011, 0.041418, 0.008923, -0.009556, -0.105759, 0.144843, 0.026065, -0.086055, 0.131688, -0.036255, 0.119614, -0.724359, 0.15715, 0.004117, -0.212794, 0.10078, 0.030174, -0.222848, -0.297014, -0.116828, 0.082246, 0.106657, -0.094437, 1.075729, -0.048292, -0.028864, 0.068194]
Mejor fitness: 0.036903
---------------------------------
Mejor solución: [-0.035909, -0.018763, 0.124925, 5e-05, -0.083102, -0.278397, 0.106788, -0.08898, -0.491044, 0.042709, 0.083439, 0.018587, 0.014643, -0.400091, 0.304198, -0.402729, 0.294582, -0.005704, -0.334324, -0.712707, -0.247861, 0.054384, -0.391255, -0.237486, 0.254578, -0.025711, 0.12019, 0.059156, 0.088747, 0.348917, 0.450355, 0.047834, 0.065972, -0.359565, -0.059489, -0.147984, 0.011661, -0.219855, 0.137935, -0.231508, 0.034709, 0.093096, -0.245104, 0.038795, 0.2154, -0.347972, 0.35407, 0.124117, -0.280296, -0.113242]
Mejor fitness: 0.077582
---------------------------------
Mejor solución: [0.085491, -0.112849, -0.115351, 0.07045, -0.08179, 0.171277, -0.148982, -0.020145, 0.363254, -0.850545, -0.205872, -0.360065, 0.249418, -0.167938, 0.675837, -0.379008, 0.629301, 0.198757, -0.235902, -0.254946, 0.13845, 0.24906, -0.322136, -0.33818, -0.083695, 0.585525, 0.436467, -0.376676, 0.414881, -0.073091, 0.0493, -0.013157, -0.055784, -0.780723, 0.103575, 0.618204, 0.296053, -0.307599, -0.425522, -0.587235, 0.114761, 0.558581, 0.477984, 0.023656, -0.081878, 0.057902, -0.191429, -0.063942, 1.126823, 0.450202]
Mejor fitness: 0.160638
---------------------------------
Mejor solución: [-0.090187, -0.061806, -0.041818, 0.105359, -0.003316, -0.239833, 0.046323, 0.209289, -0.141173, 0.174655, -0.021171, -0.025239, 0.212669, 0.02405, -0.287236, -0.329602, -0.610322, 0.073815, 0.212744, 0.084874, 0.365455, 0.48601, -0.046813, 0.381635, -0.048406, 0.328338, -0.073089, -0.291931, -0.078801, -0.085169, -0.230861, -0.48928, 0.213227, 0.599783, 0.182445, -0.295341, -0.039321, 0.723231, -0.099469, 0.203568, -0.397838, 0.097638, -0.073041, 0.189892, -0.013581, 0.033073, -0.390112, 0.171669, 0.217046, -0.084995]
Mejor fitness: 0.07588
---------------------------------
Mejor solución: [0.233201, 8.671881, -0.66606, -0.650606, -0.133299, -1.113193, -0.0444, 0.817294, 0.487287, 0.798531, 0.376946, 0.033822, -0.175786, 0.618393, -0.063556, -0.120457, -1.16138, -1.094563, -0.217378, 0.987116, -0.780623, 0.537849, 0.355626, 0.322663, 0.150384, 0.367603, -0.450925, 0.000843, 0.118411, 0.891533, 0.234652, -0.325803, 0.082124, 1.372023, -0.268752, 2.042885, -0.593243, 0.373154, 0.970334, -0.956516, -0.794374, -0.303354, -0.342145, 1.127684, -0.172166, 0.743649, 0.848678, 0.102915, -0.662013, -1.258755]
Mejor fitness: 0.535052
---------------------------------
Mejor solución: [0.011223, -0.082892, -0.146025, 0.049103, 0.028834, -0.27633, -0.267596, -0.221013, 0.069605, -0.152739, 0.103759, -0.026659, 0.155364, 0.109098, 0.012656, -0.045114, 0.103779, 0.378977, 0.015703, -0.229834, -0.482796, 0.156759, 0.534117, 0.036151, -0.512347, -0.225234, -0.05466, 0.209547, 0.013908, 0.738922, -0.198537, 0.069239, 0.341905, 0.282351, -0.399112, -0.760241, -0.420016, -0.234556, -0.330642, -0.096824, 0.011036, -0.15772, 0.128985, -0.375191, -0.542038, -0.048834, -0.301602, -0.042821, 0.316529, 0.204558]
Mejor fitness: 0.081837
---------------------------------
Mejor solución: [-0.01838, -0.047529, 0.035233, 0.042284, 0.068078, -0.068912, -0.047907, -0.08152, -0.002255, 0.013192, 0.095663, 0.064356, 0.085521, -0.045705, 0.083873, 0.052384, -0.0269, -0.069086, 0.031135, -0.110377, -0.0078, -0.022274, 0.069654, -0.051466, 0.058932, 0.001979, 0.08916, 0.025091, -0.009321, 0.008559, -0.020849, 0.022315, 0.264648, 0.069462, -0.044251, 0.040581, 0.003815, 0.096393, 0.04506, 0.01049, -0.051418, 0.029056, 0.033839, -0.004959, 0.006496, 0.107144, 0.05582, 0.015841, 0.009445, -0.0934]
Mejor fitness: 0.006451
---------------------------------
Mejor solución: [0.030514, 0.220883, 0.217432, -0.091138, 0.210348, 0.200756, 0.128703, 0.073798, 0.187423, -0.841532, 0.190002, 0.219478, -0.184849, -0.021591, 0.092265, -0.086589, 0.014795, -0.281843, -0.182896, 0.943122, -0.036592, 0.234639, 0.247221, 0.383853, -0.406502, 0.306807, 0.274613, 0.54453, 0.108813, -0.359124, -0.188102, -0.231072, 0.297738, -0.311843, -0.678114, -0.085927, 0.040544, 0.457742, -0.181317, 0.447942, -0.459133, 0.140761, -0.155099, 0.192883, 0.128613, -0.578842, -1.055926, 0.835323, -0.003087, 0.15321]
Mejor fitness: 0.152081
---------------------------------
Mejor solución: [0.04211, 0.179021, -0.194243, -0.018684, -0.223198, 0.434898, -8.865566, 0.322823, -9.286587, -0.036879, -0.041372, -0.2384, -0.273518, -0.121898, 0.003788, -0.815275, 0.150746, -0.581179, 0.029734, 0.055569, 0.601791, -0.913694, 0.223469, 0.612689, -0.558762, -1.019277, -0.102087, 0.13357, -0.1039, 0.35989, 0.093836, -0.107448, 0.392808, 0.083722, -0.355761, 0.163401, 0.127164, -1.385788, -0.145622, 0.010772, -0.324715, -0.092923, -0.608885, -0.04919, 0.100531, -0.086853, -0.936085, -0.387021, -0.466356, -0.636618]
Mejor fitness: 0.243161
---------------------------------
